  File: /home/jpicc8681/neo4j-docker/import
  Size: 4096      	Blocks: 8          IO Block: 4096   directory
Device: 8,32	Inode: 3341        Links: 2
Access: (0700/drwx------)  Uid: ( 7474/ UNKNOWN)   Gid: ( 7474/ UNKNOWN)
Access: 2024-11-12 16:09:22.966639219 -0500
Modify: 2024-11-12 15:51:07.444033379 -0500
Change: 2024-11-12 16:09:22.966639219 -0500
 Birth: 2024-11-12 15:51:07.444033379 -0500
